[DASH_CAM]
POS=0.359116,1.06191,-0.470585
EXP=27
